Webots Project File version R2023b
perspectives: 000000ff00000000fd0000000200000001000001c5000002a0fc0200000001fb0000001400540065007800740045006400690074006f00720100000016000002a00000008600ffffff0000000300000556000000d9fc0100000001fb0000001a0043006f006e0073006f006c00650041006c006c0041006c006c01000000000000055600000000000000000000038f000002a000000001000000020000000100000008fc00000000
simulationViewPerspectives: 000000ff0000000100000002000001d6000002600100000002010000000100
sceneTreePerspectives: 000000ff00000001000000030000001e00000263000000fa0100000002010000000200
minimizedPerspectives: 000000ff00000000fd00000002000000010000011c000001c5fc0200000001fb0000001400540065007800740045006400690074006f00720100000016000001c50000008600ffffff0000000300000556000000d9fc0100000001fb0000001a0043006f006e0073006f006c00650041006c006c0041006c006c0100000000000005560000006900ffffff00000438000001c500000001000000020000000100000008fc00000000
maximizedDockId: -1
centralWidgetVisible: 1
projectionMode: PERSPECTIVE
renderingMode: PLAIN
orthographicViewHeight: 0.531441
textFiles: 0 "controllers/main_controller/main_controller.py"
renderingDevicePerspectives: robot:camera;1;0.203488;0;0
